2022/11/08-21:47:25.403539 3ef0 RocksDB version: 6.20.3
2022/11/08-21:47:25.403736 3ef0 Git sha 8608d75d85f8e1b3b64b73a4fb6d19baec61ba5c
2022/11/08-21:47:25.403764 3ef0 Compile date 2021-05-05 20:35:30
2022/11/08-21:47:25.404067 3ef0 DB SUMMARY
2022/11/08-21:47:25.404093 3ef0 DB Session ID:  8AE1IGLQ85ROC34W1JVF
2022/11/08-21:47:25.404304 3ef0 CURRENT file:  CURRENT
2022/11/08-21:47:25.404328 3ef0 IDENTITY file:  IDENTITY
2022/11/08-21:47:25.404397 3ef0 MANIFEST file:  MANIFEST-000004 size: 57 Bytes
2022/11/08-21:47:25.404416 3ef0 SST files in C:\Users\User\Desktop\testovoe_zadaniye\backend\graphs\.cubestore\data\metastore dir, Total Num: 0, files: 
2022/11/08-21:47:25.404431 3ef0 Write Ahead Log file in C:\Users\User\Desktop\testovoe_zadaniye\backend\graphs\.cubestore\data\metastore: 000005.log size: 48918 ; 
2022/11/08-21:47:25.404584 3ef0                         Options.error_if_exists: 0
2022/11/08-21:47:25.404593 3ef0                       Options.create_if_missing: 1
2022/11/08-21:47:25.404598 3ef0                         Options.paranoid_checks: 1
2022/11/08-21:47:25.404603 3ef0                               Options.track_and_verify_wals_in_manifest: 0
2022/11/08-21:47:25.404607 3ef0                                     Options.env: 000001FB25DD05A0
2022/11/08-21:47:25.404612 3ef0                                      Options.fs: WinFS
2022/11/08-21:47:25.404617 3ef0                                Options.info_log: 000001FB25D7EA00
2022/11/08-21:47:25.404622 3ef0                Options.max_file_opening_threads: 16
2022/11/08-21:47:25.404630 3ef0                              Options.statistics: 0000000000000000
2022/11/08-21:47:25.404635 3ef0                               Options.use_fsync: 0
2022/11/08-21:47:25.404639 3ef0                       Options.max_log_file_size: 0
2022/11/08-21:47:25.404644 3ef0                  Options.max_manifest_file_size: 1073741824
2022/11/08-21:47:25.404649 3ef0                   Options.log_file_time_to_roll: 0
2022/11/08-21:47:25.404654 3ef0                       Options.keep_log_file_num: 1000
2022/11/08-21:47:25.404658 3ef0                    Options.recycle_log_file_num: 0
2022/11/08-21:47:25.404664 3ef0                         Options.allow_fallocate: 1
2022/11/08-21:47:25.404669 3ef0                        Options.allow_mmap_reads: 0
2022/11/08-21:47:25.404674 3ef0                       Options.allow_mmap_writes: 0
2022/11/08-21:47:25.404679 3ef0                        Options.use_direct_reads: 0
2022/11/08-21:47:25.404684 3ef0                        Options.use_direct_io_for_flush_and_compaction: 0
2022/11/08-21:47:25.404689 3ef0          Options.create_missing_column_families: 0
2022/11/08-21:47:25.404694 3ef0                              Options.db_log_dir: 
2022/11/08-21:47:25.404699 3ef0                                 Options.wal_dir: C:\Users\User\Desktop\testovoe_zadaniye\backend\graphs\.cubestore\data\metastore
2022/11/08-21:47:25.404704 3ef0                Options.table_cache_numshardbits: 6
2022/11/08-21:47:25.404733 3ef0                         Options.WAL_ttl_seconds: 0
2022/11/08-21:47:25.404738 3ef0                       Options.WAL_size_limit_MB: 0
2022/11/08-21:47:25.404743 3ef0                        Options.max_write_batch_group_size_bytes: 1048576
2022/11/08-21:47:25.404748 3ef0             Options.manifest_preallocation_size: 4194304
2022/11/08-21:47:25.404753 3ef0                     Options.is_fd_close_on_exec: 1
2022/11/08-21:47:25.404757 3ef0                   Options.advise_random_on_open: 1
2022/11/08-21:47:25.404762 3ef0                    Options.db_write_buffer_size: 0
2022/11/08-21:47:25.404767 3ef0                    Options.write_buffer_manager: 000001FB25DC9600
2022/11/08-21:47:25.404772 3ef0         Options.access_hint_on_compaction_start: 1
2022/11/08-21:47:25.404777 3ef0  Options.new_table_reader_for_compaction_inputs: 0
2022/11/08-21:47:25.404783 3ef0           Options.random_access_max_buffer_size: 1048576
2022/11/08-21:47:25.404788 3ef0                      Options.use_adaptive_mutex: 0
2022/11/08-21:47:25.404793 3ef0                            Options.rate_limiter: 0000000000000000
2022/11/08-21:47:25.404842 3ef0     Options.sst_file_manager.rate_bytes_per_sec: 0
2022/11/08-21:47:25.404851 3ef0                       Options.wal_recovery_mode: 2
2022/11/08-21:47:25.404857 3ef0                  Options.enable_thread_tracking: 0
2022/11/08-21:47:25.404862 3ef0                  Options.enable_pipelined_write: 0
2022/11/08-21:47:25.404867 3ef0                  Options.unordered_write: 0
2022/11/08-21:47:25.404871 3ef0         Options.allow_concurrent_memtable_write: 1
2022/11/08-21:47:25.404876 3ef0      Options.enable_write_thread_adaptive_yield: 1
2022/11/08-21:47:25.404880 3ef0             Options.write_thread_max_yield_usec: 100
2022/11/08-21:47:25.404886 3ef0            Options.write_thread_slow_yield_usec: 3
2022/11/08-21:47:25.404891 3ef0                               Options.row_cache: None
2022/11/08-21:47:25.404896 3ef0                              Options.wal_filter: None
2022/11/08-21:47:25.404901 3ef0             Options.avoid_flush_during_recovery: 0
2022/11/08-21:47:25.404906 3ef0             Options.allow_ingest_behind: 0
2022/11/08-21:47:25.404910 3ef0             Options.preserve_deletes: 0
2022/11/08-21:47:25.404915 3ef0             Options.two_write_queues: 0
2022/11/08-21:47:25.404919 3ef0             Options.manual_wal_flush: 0
2022/11/08-21:47:25.404924 3ef0             Options.atomic_flush: 0
2022/11/08-21:47:25.404929 3ef0             Options.avoid_unnecessary_blocking_io: 0
2022/11/08-21:47:25.404934 3ef0                 Options.persist_stats_to_disk: 0
2022/11/08-21:47:25.404939 3ef0                 Options.write_dbid_to_manifest: 0
2022/11/08-21:47:25.404944 3ef0                 Options.log_readahead_size: 0
2022/11/08-21:47:25.404948 3ef0                 Options.file_checksum_gen_factory: Unknown
2022/11/08-21:47:25.404953 3ef0                 Options.best_efforts_recovery: 0
2022/11/08-21:47:25.404958 3ef0                Options.max_bgerror_resume_count: 2147483647
2022/11/08-21:47:25.404962 3ef0            Options.bgerror_resume_retry_interval: 1000000
2022/11/08-21:47:25.404967 3ef0             Options.allow_data_in_errors: 0
2022/11/08-21:47:25.404972 3ef0             Options.db_host_id: __hostname__
2022/11/08-21:47:25.404977 3ef0             Options.max_background_jobs: 2
2022/11/08-21:47:25.404982 3ef0             Options.max_background_compactions: -1
2022/11/08-21:47:25.404987 3ef0             Options.max_subcompactions: 1
2022/11/08-21:47:25.404992 3ef0             Options.avoid_flush_during_shutdown: 0
2022/11/08-21:47:25.404997 3ef0           Options.writable_file_max_buffer_size: 1048576
2022/11/08-21:47:25.405002 3ef0             Options.delayed_write_rate : 16777216
2022/11/08-21:47:25.405007 3ef0             Options.max_total_wal_size: 0
2022/11/08-21:47:25.405013 3ef0             Options.delete_obsolete_files_period_micros: 21600000000
2022/11/08-21:47:25.405018 3ef0                   Options.stats_dump_period_sec: 600
2022/11/08-21:47:25.405024 3ef0                 Options.stats_persist_period_sec: 600
2022/11/08-21:47:25.405029 3ef0                 Options.stats_history_buffer_size: 1048576
2022/11/08-21:47:25.405035 3ef0                          Options.max_open_files: -1
2022/11/08-21:47:25.405040 3ef0                          Options.bytes_per_sync: 0
2022/11/08-21:47:25.405046 3ef0                      Options.wal_bytes_per_sync: 0
2022/11/08-21:47:25.405052 3ef0                   Options.strict_bytes_per_sync: 0
2022/11/08-21:47:25.405057 3ef0       Options.compaction_readahead_size: 0
2022/11/08-21:47:25.405062 3ef0                  Options.max_background_flushes: -1
2022/11/08-21:47:25.405066 3ef0 Compression algorithms supported:
2022/11/08-21:47:25.405072 3ef0 	kZSTD supported: 0
2022/11/08-21:47:25.405078 3ef0 	kSnappyCompression supported: 0
2022/11/08-21:47:25.405083 3ef0 	kBZip2Compression supported: 1
2022/11/08-21:47:25.405089 3ef0 	kZlibCompression supported: 0
2022/11/08-21:47:25.405094 3ef0 	kLZ4Compression supported: 0
2022/11/08-21:47:25.405100 3ef0 	kXpressCompression supported: 0
2022/11/08-21:47:25.405105 3ef0 	kLZ4HCCompression supported: 0
2022/11/08-21:47:25.405149 3ef0 	kZSTDNotFinalCompression supported: 0
2022/11/08-21:47:25.405162 3ef0 Fast CRC32 supported: Not supported on x86
2022/11/08-21:47:25.411198 3ef0 [db/version_set.cc:4627] Recovering from manifest file: C:\Users\User\Desktop\testovoe_zadaniye\backend\graphs\.cubestore\data\metastore/MANIFEST-000004
2022/11/08-21:47:25.415678 3ef0 [db/column_family.cc:598] --------------- Options for column family [default]:
2022/11/08-21:47:25.415697 3ef0               Options.comparator: leveldb.BytewiseComparator
2022/11/08-21:47:25.415702 3ef0           Options.merge_operator: meta_store merge
2022/11/08-21:47:25.415705 3ef0        Options.compaction_filter: None
2022/11/08-21:47:25.415708 3ef0        Options.compaction_filter_factory: None
2022/11/08-21:47:25.415712 3ef0  Options.sst_partitioner_factory: None
2022/11/08-21:47:25.415715 3ef0         Options.memtable_factory: SkipListFactory
2022/11/08-21:47:25.415719 3ef0            Options.table_factory: BlockBasedTable
2022/11/08-21:47:25.415758 3ef0            table_factory options:   flush_block_policy_factory: FlushBlockBySizePolicyFactory (000001FB25DA7860)
  cache_index_and_filter_blocks: 0
  cache_index_and_filter_blocks_with_high_priority: 1
  pin_l0_filter_and_index_blocks_in_cache: 0
  pin_top_level_index_and_filter: 1
  index_type: 0
  data_block_index_type: 0
  index_shortening: 1
  data_block_hash_table_util_ratio: 0.750000
  hash_index_allow_collision: 1
  checksum: 1
  no_block_cache: 0
  block_cache: 000001FB25DD8470
  block_cache_name: LRUCache
  block_cache_options:
    capacity : 8388608
    num_shard_bits : 4
    strict_capacity_limit : 0
    memory_allocator : None
    high_pri_pool_ratio: 0.000
  block_cache_compressed: 0000000000000000
  persistent_cache: 0000000000000000
  block_size: 4096
  block_size_deviation: 10
  block_restart_interval: 16
  index_block_restart_interval: 1
  metadata_block_size: 4096
  partition_filters: 0
  use_delta_encoding: 1
  filter_policy: nullptr
  whole_key_filtering: 1
  verify_compression: 0
  read_amp_bytes_per_bit: 0
  format_version: 5
  enable_index_compression: 1
  block_align: 0
2022/11/08-21:47:25.415764 3ef0        Options.write_buffer_size: 67108864
2022/11/08-21:47:25.415768 3ef0  Options.max_write_buffer_number: 2
2022/11/08-21:47:25.415771 3ef0          Options.compression: NoCompression
2022/11/08-21:47:25.415774 3ef0                  Options.bottommost_compression: Disabled
2022/11/08-21:47:25.415778 3ef0       Options.prefix_extractor: rocksdb.FixedPrefix.13
2022/11/08-21:47:25.415781 3ef0   Options.memtable_insert_with_hint_prefix_extractor: nullptr
2022/11/08-21:47:25.415785 3ef0             Options.num_levels: 7
2022/11/08-21:47:25.415788 3ef0        Options.min_write_buffer_number_to_merge: 1
2022/11/08-21:47:25.415792 3ef0     Options.max_write_buffer_number_to_maintain: 0
2022/11/08-21:47:25.415795 3ef0     Options.max_write_buffer_size_to_maintain: 0
2022/11/08-21:47:25.415798 3ef0            Options.bottommost_compression_opts.window_bits: -14
2022/11/08-21:47:25.415802 3ef0                  Options.bottommost_compression_opts.level: 32767
2022/11/08-21:47:25.415805 3ef0               Options.bottommost_compression_opts.strategy: 0
2022/11/08-21:47:25.415808 3ef0         Options.bottommost_compression_opts.max_dict_bytes: 0
2022/11/08-21:47:25.415812 3ef0         Options.bottommost_compression_opts.zstd_max_train_bytes: 0
2022/11/08-21:47:25.415815 3ef0         Options.bottommost_compression_opts.parallel_threads: 1
2022/11/08-21:47:25.415818 3ef0                  Options.bottommost_compression_opts.enabled: false
2022/11/08-21:47:25.415822 3ef0         Options.bottommost_compression_opts.max_dict_buffer_bytes: 0
2022/11/08-21:47:25.415825 3ef0            Options.compression_opts.window_bits: -14
2022/11/08-21:47:25.415828 3ef0                  Options.compression_opts.level: 32767
2022/11/08-21:47:25.415832 3ef0               Options.compression_opts.strategy: 0
2022/11/08-21:47:25.415835 3ef0         Options.compression_opts.max_dict_bytes: 0
2022/11/08-21:47:25.415842 3ef0         Options.compression_opts.zstd_max_train_bytes: 0
2022/11/08-21:47:25.415847 3ef0         Options.compression_opts.parallel_threads: 1
2022/11/08-21:47:25.415850 3ef0                  Options.compression_opts.enabled: false
2022/11/08-21:47:25.415854 3ef0         Options.compression_opts.max_dict_buffer_bytes: 0
2022/11/08-21:47:25.415857 3ef0      Options.level0_file_num_compaction_trigger: 4
2022/11/08-21:47:25.415860 3ef0          Options.level0_slowdown_writes_trigger: 20
2022/11/08-21:47:25.415863 3ef0              Options.level0_stop_writes_trigger: 36
2022/11/08-21:47:25.415867 3ef0                   Options.target_file_size_base: 67108864
2022/11/08-21:47:25.415870 3ef0             Options.target_file_size_multiplier: 1
2022/11/08-21:47:25.415873 3ef0                Options.max_bytes_for_level_base: 268435456
2022/11/08-21:47:25.415877 3ef0 Options.level_compaction_dynamic_level_bytes: 0
2022/11/08-21:47:25.415880 3ef0          Options.max_bytes_for_level_multiplier: 10.000000
2022/11/08-21:47:25.415886 3ef0 Options.max_bytes_for_level_multiplier_addtl[0]: 1
2022/11/08-21:47:25.415889 3ef0 Options.max_bytes_for_level_multiplier_addtl[1]: 1
2022/11/08-21:47:25.415893 3ef0 Options.max_bytes_for_level_multiplier_addtl[2]: 1
2022/11/08-21:47:25.415896 3ef0 Options.max_bytes_for_level_multiplier_addtl[3]: 1
2022/11/08-21:47:25.415899 3ef0 Options.max_bytes_for_level_multiplier_addtl[4]: 1
2022/11/08-21:47:25.415903 3ef0 Options.max_bytes_for_level_multiplier_addtl[5]: 1
2022/11/08-21:47:25.415906 3ef0 Options.max_bytes_for_level_multiplier_addtl[6]: 1
2022/11/08-21:47:25.415909 3ef0       Options.max_sequential_skip_in_iterations: 8
2022/11/08-21:47:25.415912 3ef0                    Options.max_compaction_bytes: 1677721600
2022/11/08-21:47:25.415916 3ef0                        Options.arena_block_size: 8388608
2022/11/08-21:47:25.415919 3ef0   Options.soft_pending_compaction_bytes_limit: 68719476736
2022/11/08-21:47:25.415922 3ef0   Options.hard_pending_compaction_bytes_limit: 274877906944
2022/11/08-21:47:25.415926 3ef0       Options.rate_limit_delay_max_milliseconds: 100
2022/11/08-21:47:25.415929 3ef0                Options.disable_auto_compactions: 0
2022/11/08-21:47:25.415933 3ef0                        Options.compaction_style: kCompactionStyleLevel
2022/11/08-21:47:25.415937 3ef0                          Options.compaction_pri: kMinOverlappingRatio
2022/11/08-21:47:25.415940 3ef0 Options.compaction_options_universal.size_ratio: 1
2022/11/08-21:47:25.415943 3ef0 Options.compaction_options_universal.min_merge_width: 2
2022/11/08-21:47:25.415946 3ef0 Options.compaction_options_universal.max_merge_width: 4294967295
2022/11/08-21:47:25.415950 3ef0 Options.compaction_options_universal.max_size_amplification_percent: 200
2022/11/08-21:47:25.415953 3ef0 Options.compaction_options_universal.compression_size_percent: -1
2022/11/08-21:47:25.415957 3ef0 Options.compaction_options_universal.stop_style: kCompactionStopStyleTotalSize
2022/11/08-21:47:25.415961 3ef0 Options.compaction_options_fifo.max_table_files_size: 1073741824
2022/11/08-21:47:25.415964 3ef0 Options.compaction_options_fifo.allow_compaction: 0
2022/11/08-21:47:25.415969 3ef0                   Options.table_properties_collectors: 
2022/11/08-21:47:25.415972 3ef0                   Options.inplace_update_support: 0
2022/11/08-21:47:25.415976 3ef0                 Options.inplace_update_num_locks: 10000
2022/11/08-21:47:25.415979 3ef0               Options.memtable_prefix_bloom_size_ratio: 0.000000
2022/11/08-21:47:25.415982 3ef0               Options.memtable_whole_key_filtering: 0
2022/11/08-21:47:25.415986 3ef0   Options.memtable_huge_page_size: 0
2022/11/08-21:47:25.415989 3ef0                           Options.bloom_locality: 0
2022/11/08-21:47:25.415992 3ef0                    Options.max_successive_merges: 0
2022/11/08-21:47:25.415995 3ef0                Options.optimize_filters_for_hits: 0
2022/11/08-21:47:25.415999 3ef0                Options.paranoid_file_checks: 0
2022/11/08-21:47:25.416002 3ef0                Options.force_consistency_checks: 1
2022/11/08-21:47:25.416047 3ef0                Options.report_bg_io_stats: 0
2022/11/08-21:47:25.416053 3ef0                               Options.ttl: 2592000
2022/11/08-21:47:25.416056 3ef0          Options.periodic_compaction_seconds: 0
2022/11/08-21:47:25.416060 3ef0                    Options.enable_blob_files: false
2022/11/08-21:47:25.416063 3ef0                        Options.min_blob_size: 0
2022/11/08-21:47:25.416066 3ef0                       Options.blob_file_size: 268435456
2022/11/08-21:47:25.416069 3ef0                Options.blob_compression_type: NoCompression
2022/11/08-21:47:25.416073 3ef0       Options.enable_blob_garbage_collection: false
2022/11/08-21:47:25.416076 3ef0   Options.blob_garbage_collection_age_cutoff: 0.250000
2022/11/08-21:47:25.417653 3ef0 [db/version_set.cc:4675] Recovered from manifest file:C:\Users\User\Desktop\testovoe_zadaniye\backend\graphs\.cubestore\data\metastore/MANIFEST-000004 succeeded,manifest_file_number is 4, next_file_number is 6, last_sequence is 0, log_number is 0,prev_log_number is 0,max_column_family is 0,min_log_number_to_keep is 0
2022/11/08-21:47:25.417671 3ef0 [db/version_set.cc:4684] Column family [default] (ID 0), log number is 0
2022/11/08-21:47:25.423465 3ef0 [db/version_set.cc:4119] Creating manifest 8
2022/11/08-21:47:25.434898 3ef0 EVENT_LOG_v1 {"time_micros": 1667922445434742, "job": 1, "event": "recovery_started", "wal_files": [5]}
2022/11/08-21:47:25.435002 3ef0 [db/db_impl/db_impl_open.cc:856] Recovering log #5 mode 2
2022/11/08-21:47:25.461314 3ef0 EVENT_LOG_v1 {"time_micros": 1667922445461062, "cf_name": "default", "job": 1, "event": "table_file_creation", "file_number": 9, "file_size": 1492, "file_checksum": "", "file_checksum_func_name": "Unknown", "table_properties": {"data_size": 573, "index_size": 23, "index_partitions": 0, "top_level_index_size": 0, "index_key_is_user_key": 1, "index_value_is_delta_encoded": 1, "filter_size": 0, "raw_key_size": 234, "raw_average_key_size": 13, "raw_value_size": 324, "raw_average_value_size": 18, "num_data_blocks": 1, "num_entries": 18, "num_deletions": 0, "num_merge_operands": 0, "num_range_deletions": 0, "format_version": 0, "fixed_key_len": 0, "filter_policy": "", "column_family_name": "default", "column_family_id": 0, "comparator": "leveldb.BytewiseComparator", "merge_operator": "meta_store merge", "prefix_extractor_name": "rocksdb.FixedPrefix.13", "property_collectors": "[]", "compression": "NoCompression", "compression_options": "window_bits=-14; level=32767; strategy=0; max_dict_bytes=0; zstd_max_train_bytes=0; enabled=0; max_dict_buffer_bytes=0; ", "creation_time": 1667922445, "oldest_key_time": 0, "file_creation_time": 0, "slow_compression_estimated_data_size": 0, "fast_compression_estimated_data_size": 0, "db_id": "f2159024-5f47-11ed-87fb-c809a8e65eaa", "db_session_id": "8AE1IGLQ85ROC34W1JVF"}}
2022/11/08-21:47:25.461362 3ef0 [db/version_set.cc:4119] Creating manifest 10
2022/11/08-21:47:25.478466 3ef0 EVENT_LOG_v1 {"time_micros": 1667922445478457, "job": 1, "event": "recovery_finished"}
2022/11/08-21:47:25.484283 3ef0 [file/delete_scheduler.cc:77] Deleted file C:\Users\User\Desktop\testovoe_zadaniye\backend\graphs\.cubestore\data\metastore/000005.log immediately, rate_bytes_per_sec 0, total_trash_size 0 max_trash_db_ratio 0.250000
2022/11/08-21:47:25.504662 3ef0 [db/db_impl/db_impl_open.cc:1757] SstFileManager instance 000001FB25DDF400
2022/11/08-21:47:25.504779 3ef0 DB pointer 000001FB25DD9840
2022/11/08-21:47:25.505216 a64 [db/db_impl/db_impl.cc:932] ------- DUMPING STATS -------
2022/11/08-21:47:25.505240 a64 [db/db_impl/db_impl.cc:933] 
** DB Stats **
Uptime(secs): 0.1 total, 0.1 interval
Cumulative writes: 0 writes, 0 keys, 0 commit groups, 0.0 writes per commit group, ingest: 0.00 GB, 0.00 MB/s
Cumulative WAL: 0 writes, 0 syncs, 0.00 writes per sync, written: 0.00 GB, 0.00 MB/s
Cumulative stall: 00:00:0.000 H:M:S, 0.0 percent
Interval writes: 0 writes, 0 keys, 0 commit groups, 0.0 writes per commit group, ingest: 0.00 MB, 0.00 MB/s
Interval WAL: 0 writes, 0 syncs, 0.00 writes per sync, written: 0.00 MB, 0.00 MB/s
Interval stall: 00:00:0.000 H:M:S, 0.0 percent

** Compaction Stats [default] **
Level    Files   Size     Score Read(GB)  Rn(GB) Rnp1(GB) Write(GB) Wnew(GB) Moved(GB) W-Amp Rd(MB/s) Wr(MB/s) Comp(sec) CompMergeCPU(sec) Comp(cnt) Avg(sec) KeyIn KeyDrop Rblob(GB) Wblob(GB)
------------------------------------------------------------------------------------------------------------------------------------------------------------------------------------------------
  L0      1/0    1.46 KB   0.2      0.0     0.0      0.0       0.0      0.0       0.0   1.0      0.0      0.1      0.02              0.00         1    0.016       0      0       0.0       0.0
 Sum      1/0    1.46 KB   0.0      0.0     0.0      0.0       0.0      0.0       0.0   1.0      0.0      0.1      0.02              0.00         1    0.016       0      0       0.0       0.0
 Int      0/0    0.00 KB   0.0      0.0     0.0      0.0       0.0      0.0       0.0   1.0      0.0      0.1      0.02              0.00         1    0.016       0      0       0.0       0.0

** Compaction Stats [default] **
Priority    Files   Size     Score Read(GB)  Rn(GB) Rnp1(GB) Write(GB) Wnew(GB) Moved(GB) W-Amp Rd(MB/s) Wr(MB/s) Comp(sec) CompMergeCPU(sec) Comp(cnt) Avg(sec) KeyIn KeyDrop Rblob(GB) Wblob(GB)
---------------------------------------------------------------------------------------------------------------------------------------------------------------------------------------------------
User      0/0    0.00 KB   0.0      0.0     0.0      0.0       0.0      0.0       0.0   0.0      0.0      0.1      0.02              0.00         1    0.016       0      0       0.0       0.0

Blob file count: 0, total size: 0.0 GB

Uptime(secs): 0.1 total, 0.1 interval
Flush(GB): cumulative 0.000, interval 0.000
AddFile(GB): cumulative 0.000, interval 0.000
AddFile(Total Files): cumulative 0, interval 0
AddFile(L0 Files): cumulative 0, interval 0
AddFile(Keys): cumulative 0, interval 0
Cumulative compaction: 0.00 GB write, 0.02 MB/s write, 0.00 GB read, 0.00 MB/s read, 0.0 seconds
Interval compaction: 0.00 GB write, 0.02 MB/s write, 0.00 GB read, 0.00 MB/s read, 0.0 seconds
Stalls(count): 0 level0_slowdown, 0 level0_slowdown_with_compaction, 0 level0_numfiles, 0 level0_numfiles_with_compaction, 0 stop for pending_compaction_bytes, 0 slowdown for pending_compaction_bytes, 0 memtable_compaction, 0 memtable_slowdown, interval 0 total count

** File Read Latency Histogram By Level [default] **

** Compaction Stats [default] **
Level    Files   Size     Score Read(GB)  Rn(GB) Rnp1(GB) Write(GB) Wnew(GB) Moved(GB) W-Amp Rd(MB/s) Wr(MB/s) Comp(sec) CompMergeCPU(sec) Comp(cnt) Avg(sec) KeyIn KeyDrop Rblob(GB) Wblob(GB)
------------------------------------------------------------------------------------------------------------------------------------------------------------------------------------------------
  L0      1/0    1.46 KB   0.2      0.0     0.0      0.0       0.0      0.0       0.0   1.0      0.0      0.1      0.02              0.00         1    0.016       0      0       0.0       0.0
 Sum      1/0    1.46 KB   0.0      0.0     0.0      0.0       0.0      0.0       0.0   1.0      0.0      0.1      0.02              0.00         1    0.016       0      0       0.0       0.0
 Int      0/0    0.00 KB   0.0      0.0     0.0      0.0       0.0      0.0       0.0   0.0      0.0      0.0      0.00              0.00         0    0.000       0      0       0.0       0.0

** Compaction Stats [default] **
Priority    Files   Size     Score Read(GB)  Rn(GB) Rnp1(GB) Write(GB) Wnew(GB) Moved(GB) W-Amp Rd(MB/s) Wr(MB/s) Comp(sec) CompMergeCPU(sec) Comp(cnt) Avg(sec) KeyIn KeyDrop Rblob(GB) Wblob(GB)
---------------------------------------------------------------------------------------------------------------------------------------------------------------------------------------------------
User      0/0    0.00 KB   0.0      0.0     0.0      0.0       0.0      0.0       0.0   0.0      0.0      0.1      0.02              0.00         1    0.016       0      0       0.0       0.0

Blob file count: 0, total size: 0.0 GB

Uptime(secs): 0.1 total, 0.0 interval
Flush(GB): cumulative 0.000, interval 0.000
AddFile(GB): cumulative 0.000, interval 0.000
AddFile(Total Files): cumulative 0, interval 0
AddFile(L0 Files): cumulative 0, interval 0
AddFile(Keys): cumulative 0, interval 0
Cumulative compaction: 0.00 GB write, 0.02 MB/s write, 0.00 GB read, 0.00 MB/s read, 0.0 seconds
Interval compaction: 0.00 GB write, 0.00 MB/s write, 0.00 GB read, 0.00 MB/s read, 0.0 seconds
Stalls(count): 0 level0_slowdown, 0 level0_slowdown_with_compaction, 0 level0_numfiles, 0 level0_numfiles_with_compaction, 0 stop for pending_compaction_bytes, 0 slowdown for pending_compaction_bytes, 0 memtable_compaction, 0 memtable_slowdown, interval 0 total count

** File Read Latency Histogram By Level [default] **
2022/11/08-21:57:25.524505 a64 [db/db_impl/db_impl.cc:932] ------- DUMPING STATS -------
2022/11/08-21:57:25.526035 a64 [db/db_impl/db_impl.cc:933] 
** DB Stats **
Uptime(secs): 600.1 total, 600.0 interval
Cumulative writes: 476 writes, 0 keys, 476 commit groups, 1.0 writes per commit group, ingest: 0.00 GB, 0.00 MB/s
Cumulative WAL: 476 writes, 0 syncs, 476.00 writes per sync, written: 0.00 GB, 0.00 MB/s
Cumulative stall: 00:00:0.000 H:M:S, 0.0 percent
Interval writes: 476 writes, 0 keys, 476 commit groups, 1.0 writes per commit group, ingest: 0.01 MB, 0.00 MB/s
Interval WAL: 476 writes, 0 syncs, 476.00 writes per sync, written: 0.00 MB, 0.00 MB/s
Interval stall: 00:00:0.000 H:M:S, 0.0 percent

** Compaction Stats [default] **
Level    Files   Size     Score Read(GB)  Rn(GB) Rnp1(GB) Write(GB) Wnew(GB) Moved(GB) W-Amp Rd(MB/s) Wr(MB/s) Comp(sec) CompMergeCPU(sec) Comp(cnt) Avg(sec) KeyIn KeyDrop Rblob(GB) Wblob(GB)
------------------------------------------------------------------------------------------------------------------------------------------------------------------------------------------------
  L0      1/0    1.46 KB   0.2      0.0     0.0      0.0       0.0      0.0       0.0   1.0      0.0      0.1      0.02              0.00         1    0.016       0      0       0.0       0.0
 Sum      1/0    1.46 KB   0.0      0.0     0.0      0.0       0.0      0.0       0.0   1.0      0.0      0.1      0.02              0.00         1    0.016       0      0       0.0       0.0
 Int      0/0    0.00 KB   0.0      0.0     0.0      0.0       0.0      0.0       0.0   0.0      0.0      0.0      0.00              0.00         0    0.000       0      0       0.0       0.0

** Compaction Stats [default] **
Priority    Files   Size     Score Read(GB)  Rn(GB) Rnp1(GB) Write(GB) Wnew(GB) Moved(GB) W-Amp Rd(MB/s) Wr(MB/s) Comp(sec) CompMergeCPU(sec) Comp(cnt) Avg(sec) KeyIn KeyDrop Rblob(GB) Wblob(GB)
---------------------------------------------------------------------------------------------------------------------------------------------------------------------------------------------------
User      0/0    0.00 KB   0.0      0.0     0.0      0.0       0.0      0.0       0.0   0.0      0.0      0.1      0.02              0.00         1    0.016       0      0       0.0       0.0

Blob file count: 0, total size: 0.0 GB

Uptime(secs): 600.1 total, 600.0 interval
Flush(GB): cumulative 0.000, interval 0.000
AddFile(GB): cumulative 0.000, interval 0.000
AddFile(Total Files): cumulative 0, interval 0
AddFile(L0 Files): cumulative 0, interval 0
AddFile(Keys): cumulative 0, interval 0
Cumulative compaction: 0.00 GB write, 0.00 MB/s write, 0.00 GB read, 0.00 MB/s read, 0.0 seconds
Interval compaction: 0.00 GB write, 0.00 MB/s write, 0.00 GB read, 0.00 MB/s read, 0.0 seconds
Stalls(count): 0 level0_slowdown, 0 level0_slowdown_with_compaction, 0 level0_numfiles, 0 level0_numfiles_with_compaction, 0 stop for pending_compaction_bytes, 0 slowdown for pending_compaction_bytes, 0 memtable_compaction, 0 memtable_slowdown, interval 0 total count

** File Read Latency Histogram By Level [default] **

** Compaction Stats [default] **
Level    Files   Size     Score Read(GB)  Rn(GB) Rnp1(GB) Write(GB) Wnew(GB) Moved(GB) W-Amp Rd(MB/s) Wr(MB/s) Comp(sec) CompMergeCPU(sec) Comp(cnt) Avg(sec) KeyIn KeyDrop Rblob(GB) Wblob(GB)
------------------------------------------------------------------------------------------------------------------------------------------------------------------------------------------------
  L0      1/0    1.46 KB   0.2      0.0     0.0      0.0       0.0      0.0       0.0   1.0      0.0      0.1      0.02              0.00         1    0.016       0      0       0.0       0.0
 Sum      1/0    1.46 KB   0.0      0.0     0.0      0.0       0.0      0.0       0.0   1.0      0.0      0.1      0.02              0.00         1    0.016       0      0       0.0       0.0
 Int      0/0    0.00 KB   0.0      0.0     0.0      0.0       0.0      0.0       0.0   0.0      0.0      0.0      0.00              0.00         0    0.000       0      0       0.0       0.0

** Compaction Stats [default] **
Priority    Files   Size     Score Read(GB)  Rn(GB) Rnp1(GB) Write(GB) Wnew(GB) Moved(GB) W-Amp Rd(MB/s) Wr(MB/s) Comp(sec) CompMergeCPU(sec) Comp(cnt) Avg(sec) KeyIn KeyDrop Rblob(GB) Wblob(GB)
---------------------------------------------------------------------------------------------------------------------------------------------------------------------------------------------------
User      0/0    0.00 KB   0.0      0.0     0.0      0.0       0.0      0.0       0.0   0.0      0.0      0.1      0.02              0.00         1    0.016       0      0       0.0       0.0

Blob file count: 0, total size: 0.0 GB

Uptime(secs): 600.1 total, 0.0 interval
Flush(GB): cumulative 0.000, interval 0.000
AddFile(GB): cumulative 0.000, interval 0.000
AddFile(Total Files): cumulative 0, interval 0
AddFile(L0 Files): cumulative 0, interval 0
AddFile(Keys): cumulative 0, interval 0
Cumulative compaction: 0.00 GB write, 0.00 MB/s write, 0.00 GB read, 0.00 MB/s read, 0.0 seconds
Interval compaction: 0.00 GB write, 0.00 MB/s write, 0.00 GB read, 0.00 MB/s read, 0.0 seconds
Stalls(count): 0 level0_slowdown, 0 level0_slowdown_with_compaction, 0 level0_numfiles, 0 level0_numfiles_with_compaction, 0 stop for pending_compaction_bytes, 0 slowdown for pending_compaction_bytes, 0 memtable_compaction, 0 memtable_slowdown, interval 0 total count

** File Read Latency Histogram By Level [default] **
2022/11/08-22:07:25.541644 a64 [db/db_impl/db_impl.cc:932] ------- DUMPING STATS -------
2022/11/08-22:07:25.543661 a64 [db/db_impl/db_impl.cc:933] 
** DB Stats **
Uptime(secs): 1200.1 total, 600.0 interval
Cumulative writes: 956 writes, 0 keys, 956 commit groups, 1.0 writes per commit group, ingest: 0.00 GB, 0.00 MB/s
Cumulative WAL: 956 writes, 0 syncs, 956.00 writes per sync, written: 0.00 GB, 0.00 MB/s
Cumulative stall: 00:00:0.000 H:M:S, 0.0 percent
Interval writes: 480 writes, 0 keys, 480 commit groups, 1.0 writes per commit group, ingest: 0.01 MB, 0.00 MB/s
Interval WAL: 480 writes, 0 syncs, 480.00 writes per sync, written: 0.00 MB, 0.00 MB/s
Interval stall: 00:00:0.000 H:M:S, 0.0 percent

** Compaction Stats [default] **
Level    Files   Size     Score Read(GB)  Rn(GB) Rnp1(GB) Write(GB) Wnew(GB) Moved(GB) W-Amp Rd(MB/s) Wr(MB/s) Comp(sec) CompMergeCPU(sec) Comp(cnt) Avg(sec) KeyIn KeyDrop Rblob(GB) Wblob(GB)
------------------------------------------------------------------------------------------------------------------------------------------------------------------------------------------------
  L0      1/0    1.46 KB   0.2      0.0     0.0      0.0       0.0      0.0       0.0   1.0      0.0      0.1      0.02              0.00         1    0.016       0      0       0.0       0.0
 Sum      1/0    1.46 KB   0.0      0.0     0.0      0.0       0.0      0.0       0.0   1.0      0.0      0.1      0.02              0.00         1    0.016       0      0       0.0       0.0
 Int      0/0    0.00 KB   0.0      0.0     0.0      0.0       0.0      0.0       0.0   0.0      0.0      0.0      0.00              0.00         0    0.000       0      0       0.0       0.0

** Compaction Stats [default] **
Priority    Files   Size     Score Read(GB)  Rn(GB) Rnp1(GB) Write(GB) Wnew(GB) Moved(GB) W-Amp Rd(MB/s) Wr(MB/s) Comp(sec) CompMergeCPU(sec) Comp(cnt) Avg(sec) KeyIn KeyDrop Rblob(GB) Wblob(GB)
---------------------------------------------------------------------------------------------------------------------------------------------------------------------------------------------------
User      0/0    0.00 KB   0.0      0.0     0.0      0.0       0.0      0.0       0.0   0.0      0.0      0.1      0.02              0.00         1    0.016       0      0       0.0       0.0

Blob file count: 0, total size: 0.0 GB

Uptime(secs): 1200.1 total, 600.0 interval
Flush(GB): cumulative 0.000, interval 0.000
AddFile(GB): cumulative 0.000, interval 0.000
AddFile(Total Files): cumulative 0, interval 0
AddFile(L0 Files): cumulative 0, interval 0
AddFile(Keys): cumulative 0, interval 0
Cumulative compaction: 0.00 GB write, 0.00 MB/s write, 0.00 GB read, 0.00 MB/s read, 0.0 seconds
Interval compaction: 0.00 GB write, 0.00 MB/s write, 0.00 GB read, 0.00 MB/s read, 0.0 seconds
Stalls(count): 0 level0_slowdown, 0 level0_slowdown_with_compaction, 0 level0_numfiles, 0 level0_numfiles_with_compaction, 0 stop for pending_compaction_bytes, 0 slowdown for pending_compaction_bytes, 0 memtable_compaction, 0 memtable_slowdown, interval 0 total count

** File Read Latency Histogram By Level [default] **

** Compaction Stats [default] **
Level    Files   Size     Score Read(GB)  Rn(GB) Rnp1(GB) Write(GB) Wnew(GB) Moved(GB) W-Amp Rd(MB/s) Wr(MB/s) Comp(sec) CompMergeCPU(sec) Comp(cnt) Avg(sec) KeyIn KeyDrop Rblob(GB) Wblob(GB)
------------------------------------------------------------------------------------------------------------------------------------------------------------------------------------------------
  L0      1/0    1.46 KB   0.2      0.0     0.0      0.0       0.0      0.0       0.0   1.0      0.0      0.1      0.02              0.00         1    0.016       0      0       0.0       0.0
 Sum      1/0    1.46 KB   0.0      0.0     0.0      0.0       0.0      0.0       0.0   1.0      0.0      0.1      0.02              0.00         1    0.016       0      0       0.0       0.0
 Int      0/0    0.00 KB   0.0      0.0     0.0      0.0       0.0      0.0       0.0   0.0      0.0      0.0      0.00              0.00         0    0.000       0      0       0.0       0.0

** Compaction Stats [default] **
Priority    Files   Size     Score Read(GB)  Rn(GB) Rnp1(GB) Write(GB) Wnew(GB) Moved(GB) W-Amp Rd(MB/s) Wr(MB/s) Comp(sec) CompMergeCPU(sec) Comp(cnt) Avg(sec) KeyIn KeyDrop Rblob(GB) Wblob(GB)
---------------------------------------------------------------------------------------------------------------------------------------------------------------------------------------------------
User      0/0    0.00 KB   0.0      0.0     0.0      0.0       0.0      0.0       0.0   0.0      0.0      0.1      0.02              0.00         1    0.016       0      0       0.0       0.0

Blob file count: 0, total size: 0.0 GB

Uptime(secs): 1200.1 total, 0.0 interval
Flush(GB): cumulative 0.000, interval 0.000
AddFile(GB): cumulative 0.000, interval 0.000
AddFile(Total Files): cumulative 0, interval 0
AddFile(L0 Files): cumulative 0, interval 0
AddFile(Keys): cumulative 0, interval 0
Cumulative compaction: 0.00 GB write, 0.00 MB/s write, 0.00 GB read, 0.00 MB/s read, 0.0 seconds
Interval compaction: 0.00 GB write, 0.00 MB/s write, 0.00 GB read, 0.00 MB/s read, 0.0 seconds
Stalls(count): 0 level0_slowdown, 0 level0_slowdown_with_compaction, 0 level0_numfiles, 0 level0_numfiles_with_compaction, 0 stop for pending_compaction_bytes, 0 slowdown for pending_compaction_bytes, 0 memtable_compaction, 0 memtable_slowdown, interval 0 total count

** File Read Latency Histogram By Level [default] **
2022/11/08-22:17:25.545951 a64 [db/db_impl/db_impl.cc:932] ------- DUMPING STATS -------
2022/11/08-22:17:25.546274 a64 [db/db_impl/db_impl.cc:933] 
** DB Stats **
Uptime(secs): 1800.1 total, 600.0 interval
Cumulative writes: 1436 writes, 0 keys, 1436 commit groups, 1.0 writes per commit group, ingest: 0.00 GB, 0.00 MB/s
Cumulative WAL: 1436 writes, 0 syncs, 1436.00 writes per sync, written: 0.00 GB, 0.00 MB/s
Cumulative stall: 00:00:0.000 H:M:S, 0.0 percent
Interval writes: 480 writes, 0 keys, 480 commit groups, 1.0 writes per commit group, ingest: 0.01 MB, 0.00 MB/s
Interval WAL: 480 writes, 0 syncs, 480.00 writes per sync, written: 0.00 MB, 0.00 MB/s
Interval stall: 00:00:0.000 H:M:S, 0.0 percent

** Compaction Stats [default] **
Level    Files   Size     Score Read(GB)  Rn(GB) Rnp1(GB) Write(GB) Wnew(GB) Moved(GB) W-Amp Rd(MB/s) Wr(MB/s) Comp(sec) CompMergeCPU(sec) Comp(cnt) Avg(sec) KeyIn KeyDrop Rblob(GB) Wblob(GB)
------------------------------------------------------------------------------------------------------------------------------------------------------------------------------------------------
  L0      1/0    1.46 KB   0.2      0.0     0.0      0.0       0.0      0.0       0.0   1.0      0.0      0.1      0.02              0.00         1    0.016       0      0       0.0       0.0
 Sum      1/0    1.46 KB   0.0      0.0     0.0      0.0       0.0      0.0       0.0   1.0      0.0      0.1      0.02              0.00         1    0.016       0      0       0.0       0.0
 Int      0/0    0.00 KB   0.0      0.0     0.0      0.0       0.0      0.0       0.0   0.0      0.0      0.0      0.00              0.00         0    0.000       0      0       0.0       0.0

** Compaction Stats [default] **
Priority    Files   Size     Score Read(GB)  Rn(GB) Rnp1(GB) Write(GB) Wnew(GB) Moved(GB) W-Amp Rd(MB/s) Wr(MB/s) Comp(sec) CompMergeCPU(sec) Comp(cnt) Avg(sec) KeyIn KeyDrop Rblob(GB) Wblob(GB)
---------------------------------------------------------------------------------------------------------------------------------------------------------------------------------------------------
User      0/0    0.00 KB   0.0      0.0     0.0      0.0       0.0      0.0       0.0   0.0      0.0      0.1      0.02              0.00         1    0.016       0      0       0.0       0.0

Blob file count: 0, total size: 0.0 GB

Uptime(secs): 1800.1 total, 600.0 interval
Flush(GB): cumulative 0.000, interval 0.000
AddFile(GB): cumulative 0.000, interval 0.000
AddFile(Total Files): cumulative 0, interval 0
AddFile(L0 Files): cumulative 0, interval 0
AddFile(Keys): cumulative 0, interval 0
Cumulative compaction: 0.00 GB write, 0.00 MB/s write, 0.00 GB read, 0.00 MB/s read, 0.0 seconds
Interval compaction: 0.00 GB write, 0.00 MB/s write, 0.00 GB read, 0.00 MB/s read, 0.0 seconds
Stalls(count): 0 level0_slowdown, 0 level0_slowdown_with_compaction, 0 level0_numfiles, 0 level0_numfiles_with_compaction, 0 stop for pending_compaction_bytes, 0 slowdown for pending_compaction_bytes, 0 memtable_compaction, 0 memtable_slowdown, interval 0 total count

** File Read Latency Histogram By Level [default] **

** Compaction Stats [default] **
Level    Files   Size     Score Read(GB)  Rn(GB) Rnp1(GB) Write(GB) Wnew(GB) Moved(GB) W-Amp Rd(MB/s) Wr(MB/s) Comp(sec) CompMergeCPU(sec) Comp(cnt) Avg(sec) KeyIn KeyDrop Rblob(GB) Wblob(GB)
